-33.29,-70.7,4
-33.29,-70.71,1
-33.29,-70.73,1
-33.3,-70.6,1
-33.3,-70.67,5
-33.3,-70.68,1
-33.3,-70.7,4
-33.3,-70.73,1
-33.31,-70.7,4
-33.31,-70.72,1
-33.31,-70.73,1
-33.31,-70.85,1
-33.32,-70.52,1
-33.32,-70.71,3
-33.32,-70.72,1
-33.32,-70.73,4
-33.32,-70.74,2
-33.32,-70.83,2
-33.33,-70.69,1
-33.33,-70.71,4
-33.33,-70.72,10
-33.33,-70.73,3
-33.33,-70.75,3
-33.33,-70.77,1
-33.33,-70.82,1
-33.33,-70.84,1
-33.34,-70.69,1
-33.34,-70.7,2
-33.34,-70.71,6
-33.34,-70.73,1
-33.34,-70.81,6
-33.34,-70.82,4
-33.35,-70.51,1
-33.35,-70.52,3
-33.35,-70.54,3
-33.35,-70.68,2
-33.35,-70.69,4
-33.35,-70.71,4
-33.35,-70.72,2
-33.35,-70.73,3
-33.35,-70.74,4
-33.35,-70.82,5
-33.36,-70.51,1
-33.36,-70.52,8
-33.36,-70.54,1
-33.36,-70.67,4
-33.36,-70.69,12
-33.36,-70.7,14
-33.36,-70.72,5
-33.36,-70.73,7
-33.36,-70.74,3
-33.37,-70.5,1
-33.37,-70.51,3
-33.37,-70.52,4
-33.37,-70.53,1
-33.37,-70.54,2
-33.37,-70.55,4
-33.37,-70.64,1
-33.37,-70.65,1
-33.37,-70.66,4
-33.37,-70.67,10
-33.37,-70.68,5
-33.37,-70.69,9
-33.37,-70.7,10
-33.37,-70.71,4
-33.37,-70.72,1
-33.37,-70.73,5
-33.37,-70.74,10
-33.37,-70.75,1
-33.37,-70.76,1
-33.37,-70.79,2
-33.38,-70.53,2
-33.38,-70.55,1
-33.38,-70.56,1
-33.38,-70.57,3
-33.38,-70.64,3
-33.38,-70.65,6
-33.38,-70.66,5
-33.38,-70.68,12
-33.38,-70.69,11
-33.38,-70.75,2
-33.39,-70.52,2
-33.39,-70.53,1
-33.39,-70.54,4
-33.39,-70.55,1
-33.39,-70.56,2
-33.39,-70.59,4
-33.39,-70.6,10
-33.39,-70.61,2
-33.39,-70.62,3
-33.39,-70.63,5
-33.39,-70.64,2
-33.39,-70.66,2
-33.39,-70.67,12
-33.39,-70.68,9
-33.39,-70.69,13
-33.39,-70.7,4
-33.39,-70.75,1
-33.39,-70.76,1
-33.39,-70.77,1
-33.4,-70.52,1
-33.4,-70.53,1
-33.4,-70.54,7
-33.4,-70.55,2
-33.4,-70.56,1
-33.4,-70.57,9
-33.4,-70.58,10
-33.4,-70.59,13
-33.4,-70.6,3
-33.4,-70.61,2
-33.4,-70.62,1
-33.4,-70.63,1
-33.4,-70.64,2
-33.4,-70.66,8
-33.4,-70.67,16
-33.4,-70.68,4
-33.4,-70.69,4
-33.4,-70.7,8
-33.4,-70.71,1
-33.4,-70.74,1
-33.4,-70.78,1
-33.41,-70.54,7
-33.41,-70.55,9
-33.41,-70.56,5
-33.41,-70.57,8
-33.41,-70.58,3
-33.41,-70.59,11
-33.41,-70.6,27
-33.41,-70.61,15
-33.41,-70.63,1
-33.41,-70.64,4
-33.41,-70.66,1
-33.41,-70.67,2
-33.41,-70.68,2
-33.41,-70.69,1
-33.41,-70.7,1
-33.41,-70.71,2
-33.41,-70.72,1
-33.41,-70.73,3
-33.41,-70.74,5
-33.41,-70.75,4
-33.41,-70.78,1
-33.42,-70.53,2
-33.42,-70.54,5
-33.42,-70.55,4
-33.42,-70.56,4
-33.42,-70.57,4
-33.42,-70.58,7
-33.42,-70.59,1
-33.42,-70.6,22
-33.42,-70.61,26
-33.42,-70.62,7
-33.42,-70.64,5
-33.42,-70.65,7
-33.42,-70.66,20
-33.42,-70.67,2
-33.42,-70.69,5
-33.42,-70.7,1
-33.42,-70.74,4
-33.42,-70.75,1
-33.42,-70.78,2
-33.42,-70.79,2
-33.43,-70.54,18
-33.43,-70.55,12
-33.43,-70.56,6
-33.43,-70.57,20
-33.43,-70.58,38
-33.43,-70.59,8
-33.43,-70.6,20
-33.43,-70.61,15
-33.43,-70.62,22
-33.43,-70.63,13
-33.43,-70.64,11
-33.43,-70.65,19
-33.43,-70.66,24
-33.43,-70.67,11
-33.43,-70.68,1
-33.43,-70.69,5
-33.43,-70.71,1
-33.43,-70.72,1
-33.43,-70.73,5
-33.43,-70.74,1
-33.43,-70.76,1
-33.43,-70.77,2
-33.43,-70.79,1
-33.43,-70.81,1
-33.43,-70.83,1
-33.44,-70.54,2
-33.44,-70.55,3
-33.44,-70.56,14
-33.44,-70.57,17
-33.44,-70.58,14
-33.44,-70.59,11
-33.44,-70.6,24
-33.44,-70.61,5
-33.44,-70.62,16
-33.44,-70.63,42
-33.44,-70.64,19
-33.44,-70.65,14
-33.44,-70.66,20
-33.44,-70.67,3
-33.44,-70.68,4
-33.44,-70.69,13
-33.44,-70.7,2
-33.44,-70.71,4
-33.44,-70.72,1
-33.44,-70.73,4
-33.44,-70.74,4
-33.44,-70.75,3
-33.44,-70.76,2
-33.44,-70.77,1
-33.44,-70.78,3
-33.44,-70.79,13
-33.44,-70.8,5
-33.44,-70.81,7
-33.44,-70.82,5
-33.44,-70.84,1
-33.45,-70.53,4
-33.45,-70.55,1
-33.45,-70.56,1
-33.45,-70.57,20
-33.45,-70.58,17
-33.45,-70.59,4
-33.45,-70.6,13
-33.45,-70.61,10
-33.45,-70.62,6
-33.45,-70.63,13
-33.45,-70.64,8
-33.45,-70.66,14
-33.45,-70.67,6
-33.45,-70.68,3
-33.45,-70.69,9
-33.45,-70.7,2
-33.45,-70.71,2
-33.45,-70.73,1
-33.45,-70.74,7
-33.45,-70.75,1
-33.45,-70.76,1
-33.45,-70.77,12
-33.45,-70.78,13
-33.45,-70.85,1
-33.46,-70.54,1
-33.46,-70.55,3
-33.46,-70.56,4
-33.46,-70.57,15
-33.46,-70.58,8
-33.46,-70.59,10
-33.46,-70.6,22
-33.46,-70.61,7
-33.46,-70.62,7
-33.46,-70.63,4
-33.46,-70.64,4
-33.46,-70.65,9
-33.46,-70.66,4
-33.46,-70.67,4
-33.46,-70.68,13
-33.46,-70.69,15
-33.46,-70.7,21
-33.46,-70.71,12
-33.46,-70.72,4
-33.46,-70.74,3
-33.46,-70.75,2
-33.46,-70.76,5
-33.46,-70.77,2
-33.47,-70.52,1
-33.47,-70.53,2
-33.47,-70.54,2
-33.47,-70.55,3
-33.47,-70.56,3
-33.47,-70.57,18
-33.47,-70.58,7
-33.47,-70.6,2
-33.47,-70.61,8
-33.47,-70.62,8
-33.47,-70.64,1
-33.47,-70.65,2
-33.47,-70.66,6
-33.47,-70.67,1
-33.47,-70.68,3
-33.47,-70.69,4
-33.47,-70.7,2
-33.47,-70.71,3
-33.47,-70.72,3
-33.47,-70.73,15
-33.47,-70.74,8
-33.47,-70.75,34
-33.47,-70.76,8
-33.48,-70.54,4
-33.48,-70.55,3
-33.48,-70.56,6
-33.48,-70.58,9
-33.48,-70.6,1
-33.48,-70.61,1
-33.48,-70.63,2
-33.48,-70.64,6
-33.48,-70.65,7
-33.48,-70.66,7
-33.48,-70.67,2
-33.48,-70.68,3
-33.48,-70.69,5
-33.48,-70.7,3
-33.48,-70.72,6
-33.48,-70.73,3
-33.48,-70.74,29
-33.48,-70.75,34
-33.48,-70.76,11
-33.49,-70.54,2
-33.49,-70.55,4
-33.49,-70.56,11
-33.49,-70.57,2
-33.49,-70.58,9
-33.49,-70.59,4
-33.49,-70.6,1
-33.49,-70.61,2
-33.49,-70.62,3
-33.49,-70.63,1
-33.49,-70.64,3
-33.49,-70.65,5
-33.49,-70.66,10
-33.49,-70.67,1
-33.49,-70.68,3
-33.49,-70.69,1
-33.49,-70.71,2
-33.49,-70.72,3
-33.49,-70.74,3
-33.49,-70.75,18
-33.49,-70.76,16
-33.49,-70.77,15
-33.5,-70.54,1
-33.5,-70.55,2
-33.5,-70.56,7
-33.5,-70.57,2
-33.5,-70.58,3
-33.5,-70.59,10
-33.5,-70.6,8
-33.5,-70.62,2
-33.5,-70.63,3
-33.5,-70.64,2
-33.5,-70.65,13
-33.5,-70.66,15
-33.5,-70.67,13
-33.5,-70.69,1
-33.5,-70.7,1
-33.5,-70.71,3
-33.5,-70.72,1
-33.5,-70.74,1
-33.5,-70.75,4
-33.5,-70.76,9
-33.5,-70.78,7
-33.5,-70.79,2
-33.5,-70.8,2
-33.51,-70.53,1
-33.51,-70.54,1
-33.51,-70.56,1
-33.51,-70.57,4
-33.51,-70.58,4
-33.51,-70.59,7
-33.51,-70.6,6
-33.51,-70.61,11
-33.51,-70.62,2
-33.51,-70.63,5
-33.51,-70.64,4
-33.51,-70.65,3
-33.51,-70.66,9
-33.51,-70.67,9
-33.51,-70.68,1
-33.51,-70.7,3
-33.51,-70.71,2
-33.51,-70.72,12
-33.51,-70.73,2
-33.51,-70.74,2
-33.51,-70.75,2
-33.51,-70.76,5
-33.51,-70.77,1
-33.51,-70.78,1
-33.51,-70.79,4
-33.51,-70.8,3
-33.52,-70.56,1
-33.52,-70.58,2
-33.52,-70.59,1
-33.52,-70.6,9
-33.52,-70.61,4
-33.52,-70.62,1
-33.52,-70.63,2
-33.52,-70.64,1
-33.52,-70.65,3
-33.52,-70.66,4
-33.52,-70.68,4
-33.52,-70.69,2
-33.52,-70.7,23
-33.52,-70.71,6
-33.52,-70.72,1
-33.52,-70.73,4
-33.52,-70.74,6
-33.52,-70.75,3
-33.52,-70.76,12
-33.52,-70.77,2
-33.52,-70.78,5
-33.52,-70.79,3
-33.52,-70.8,4
-33.53,-70.58,1
-33.53,-70.59,2
-33.53,-70.6,7
-33.53,-70.61,5
-33.53,-70.62,8
-33.53,-70.63,1
-33.53,-70.64,6
-33.53,-70.65,5
-33.53,-70.66,13
-33.53,-70.67,3
-33.53,-70.68,21
-33.53,-70.69,7
-33.53,-70.7,9
-33.53,-70.71,5
-33.53,-70.72,1
-33.53,-70.73,4
-33.53,-70.75,1
-33.53,-70.76,2
-33.53,-70.77,6
-33.53,-70.78,2
-33.53,-70.8,4
-33.53,-70.83,1
-33.54,-70.56,1
-33.54,-70.57,7
-33.54,-70.58,4
-33.54,-70.59,3
-33.54,-70.6,3
-33.54,-70.61,5
-33.54,-70.62,15
-33.54,-70.63,7
-33.54,-70.64,16
-33.54,-70.65,4
-33.54,-70.66,12
-33.54,-70.67,5
-33.54,-70.68,1
-33.54,-70.69,8
-33.54,-70.7,3
-33.54,-70.71,4
-33.54,-70.74,3
-33.54,-70.77,3
-33.54,-70.78,3
-33.54,-70.8,2
-33.55,-70.56,1
-33.55,-70.57,4
-33.55,-70.58,1
-33.55,-70.59,4
-33.55,-70.6,4
-33.55,-70.61,5
-33.55,-70.62,2
-33.55,-70.64,3
-33.55,-70.65,2
-33.55,-70.66,5
-33.55,-70.67,6
-33.55,-70.68,1
-33.55,-70.69,3
-33.55,-70.7,5
-33.55,-70.71,6
-33.55,-70.72,1
-33.55,-70.73,1
-33.55,-70.74,2
-33.55,-70.75,4
-33.55,-70.79,2
-33.55,-70.81,4
-33.55,-70.82,1
-33.56,-70.56,5
-33.56,-70.57,1
-33.56,-70.58,2
-33.56,-70.59,4
-33.56,-70.6,4
-33.56,-70.61,10
-33.56,-70.62,7
-33.56,-70.63,5
-33.56,-70.65,1
-33.56,-70.66,3
-33.56,-70.67,1
-33.56,-70.7,1
-33.56,-70.71,9
-33.56,-70.72,1
-33.56,-70.75,5
-33.56,-70.76,1
-33.56,-70.79,1
-33.56,-70.8,1
-33.56,-70.81,2
-33.56,-70.82,2
-33.56,-70.83,1
-33.57,-70.55,5
-33.57,-70.56,3
-33.57,-70.57,3
-33.57,-70.58,2
-33.57,-70.59,1
-33.57,-70.6,2
-33.57,-70.61,8
-33.57,-70.63,8
-33.57,-70.66,2
-33.57,-70.69,1
-33.57,-70.7,3
-33.57,-70.71,7
-33.57,-70.73,1
-33.57,-70.76,1
-33.57,-70.77,3
-33.57,-70.79,1
-33.57,-70.8,1
-33.57,-70.81,1
-33.57,-70.82,2
-33.58,-70.55,1
-33.58,-70.56,2
-33.58,-70.57,4
-33.58,-70.58,4
-33.58,-70.59,2
-33.58,-70.6,4
-33.58,-70.61,5
-33.58,-70.62,3
-33.58,-70.63,2
-33.58,-70.65,2
-33.58,-70.68,2
-33.58,-70.69,5
-33.58,-70.7,3
-33.58,-70.71,6
-33.58,-70.77,2
-33.58,-70.85,2
-33.59,-70.53,1
-33.59,-70.54,3
-33.59,-70.55,3
-33.59,-70.56,2
-33.59,-70.57,2
-33.59,-70.59,1
-33.59,-70.6,1
-33.59,-70.61,3
-33.59,-70.62,1
-33.59,-70.63,4
-33.59,-70.64,1
-33.59,-70.66,1
-33.59,-70.67,3
-33.59,-70.68,4
-33.59,-70.69,1
-33.59,-70.7,8
-33.59,-70.71,15
-33.59,-70.78,1
-33.59,-70.84,1
-33.59,-70.85,1
-33.6,-70.53,2
-33.6,-70.57,3
-33.6,-70.58,6
-33.6,-70.59,6
-33.6,-70.6,1
-33.6,-70.61,1
-33.6,-70.64,1
-33.6,-70.68,4
-33.6,-70.69,1
-33.6,-70.7,5
-33.6,-70.71,7
-33.6,-70.72,6
-33.6,-70.85,1
-33.61,-70.55,4
-33.61,-70.57,4
-33.61,-70.59,1
-33.61,-70.6,5
-33.61,-70.63,1
-33.61,-70.68,2
-33.61,-70.69,3
-33.61,-70.7,2
-33.61,-70.72,9
-33.61,-70.73,1
-33.61,-70.85,1
-33.62,-70.6,3
-33.62,-70.61,9
-33.62,-70.62,1
-33.62,-70.68,2
-33.62,-70.7,4
-33.62,-70.71,1
-33.63,-70.57,1
-33.63,-70.62,1
-33.63,-70.65,1
-33.63,-70.7,1
-33.63,-70.71,2
-33.63,-70.76,3
-33.63,-70.77,4
-33.63,-70.8,6
-33.63,-70.81,1
-33.64,-70.57,2
-33.64,-70.58,2
-33.64,-70.59,1
-33.64,-70.67,3
-33.64,-70.71,4
-33.64,-70.73,1
-33.64,-70.75,1
-33.64,-70.77,1
-33.65,-70.6,1
-33.65,-70.63,1
-33.65,-70.66,1
-33.65,-70.67,1
-33.65,-70.74,1
